              time     open     high      low    close        volume    upperband    lowerband         atr in_uptrend
0    1619776800000  2773.35  2784.00  2755.25  2759.18   29260.44516          NaN          NaN    0.000000       None
1    1619780400000  2759.38  2766.05  2730.11  2739.02   34634.93528          NaN          NaN    0.000000       None
2    1619784000000  2739.05  2755.80  2733.09  2748.34   31740.93230          NaN          NaN    0.000000       None
3    1619787600000  2748.34  2752.68  2723.09  2733.83   49982.44602          NaN          NaN    0.000000       None
4    1619791200000  2733.83  2767.00  2726.07  2737.51   50270.43851          NaN          NaN    0.000000       None
5    1619794800000  2737.32  2754.02  2734.00  2736.46   44084.71349          NaN          NaN    0.000000       None
6    1619798400000  2736.47  2774.62  2731.67  2772.01   42766.64039          NaN          NaN    0.000000       None
7    1619802000000  2772.01  2772.84  2750.42  2757.54   24759.52170          NaN          NaN    0.000000       None
8    1619805600000  2757.61  2777.62  2754.18  2775.99   20997.47870          NaN          NaN    0.000000       None
9    1619809200000  2776.00  2785.00  2772.16  2783.86   19352.69409          NaN          NaN    0.000000       None
10   1619812800000  2783.87  2784.49  2751.03  2761.67   22423.16426          NaN          NaN    0.000000       None
11   1619816400000  2761.67  2765.17  2744.00  2753.48   14035.06220          NaN          NaN    0.000000       None
12   1619820000000  2753.78  2755.86  2738.00  2745.44   17422.17343          NaN          NaN    0.000000       None
13   1619823600000  2745.36  2774.99  2743.28  2772.42   19805.43756          NaN          NaN   27.413571       None
14   1619827200000  2772.42  2778.82  2743.41  2768.75   30960.18607          NaN          NaN   27.984745       None
15   1619830800000  2768.75  2797.00  2751.72  2797.00   28924.96807          NaN          NaN   29.220120       None
16   1619834400000  2797.00  2840.00  2791.43  2824.27   57952.36090          NaN          NaN   30.602255       None
17   1619838000000  2824.20  2848.24  2821.55  2839.01   26534.41701          NaN          NaN   30.322808       None
18   1619841600000  2838.94  2845.02  2831.70  2843.60   21454.33456          NaN          NaN   29.108322       None
19   1619845200000  2843.52  2870.00  2837.06  2850.31   29735.79628  2847.346557  2702.622443   29.382013       None
20   1619848800000  2850.31  2867.76  2839.72  2854.63   20310.02753  2859.530962  2699.983038   29.286155       True
21   1619852400000  2854.68  2865.00  2843.94  2858.74   20854.85155  2870.219733  2701.266267   28.698572       True
22   1619856000000  2858.77  2867.86  2829.26  2830.05   28794.45069  2874.577413  2705.079587   29.405817       True
23   1619859600000  2830.06  2843.47  2805.24  2833.12   32038.71222  2877.445633  2712.140367   30.036116       True
24   1619863200000  2833.12  2844.87  2823.38  2844.23   16194.90673  2881.061695  2719.196305   29.425679       True
25   1619866800000  2844.08  2860.94  2844.07  2857.60   18291.03758  2885.263095  2727.108905   28.528845       True
26   1619870400000  2857.75  2880.83  2855.27  2869.78   27581.20212  2893.128365  2729.020635   28.316784       True
27   1619874000000  2869.77  2877.97  2854.00  2872.19   27158.39602  2899.118742  2734.495258   28.006300       True
28   1619877600000  2871.93  2877.98  2850.18  2854.23   26163.79426  2902.333328  2739.104672   27.991564       True
29   1619881200000  2854.23  2867.00  2838.86  2866.37   24797.72778  2906.929244  2742.759756   28.002167       True
30   1619884800000  2866.37  2900.00  2866.07  2897.99   43251.24574  2914.267540  2749.053460   28.425583       True
31   1619888400000  2897.98  2938.77  2897.85  2933.17   49460.78786  2926.315507  2754.974493   29.318042       True
32   1619892000000  2933.17  2943.69  2916.01  2940.04   31447.50925  2934.777719  2765.972281   29.201039       True
33   1619895600000  2940.03  2940.23  2898.01  2925.49   28257.77483  2940.506200  2775.550800   30.130965       True
34   1619899200000  2925.49  2954.28  2923.56  2947.37   27384.00303  2947.493782  2786.425218   30.173039       True
35   1619902800000  2947.26  2948.71  2911.67  2922.29   25719.32885  2950.439421  2796.008579   30.663536       True
36   1619906400000  2922.29  2946.00  2908.33  2938.55   24606.13852  2957.715030  2800.160970   31.163997       True
37   1619910000000  2938.30  2953.35  2932.14  2944.77   22386.11996  2965.723792  2802.728208   30.452998       True
38   1619913600000  2944.83  2952.78  2925.60  2932.02   25402.13412  2970.442281  2806.851719   30.219212       True
39   1619917200000  2932.01  2944.15  2922.00  2940.09   18080.97232  2975.871693  2810.400307   29.642840       True
40   1619920800000  2940.10  2954.70  2938.03  2949.43   17364.60399  2982.093486  2813.658514   28.716208       True
41   1619924400000  2949.70  2952.82  2891.86  2901.51   39337.73195  2982.298205  2817.730795   31.019336       True
42   1619928000000  2901.84  2927.07  2871.50  2925.42   41676.88221  2981.135704  2828.430296   32.772955       True
43   1619931600000  2925.05  2925.75  2901.80  2914.85   18102.68772  2977.833905  2839.905095   32.142744       True
44   1619935200000  2914.64  2926.00  2905.42  2910.60   15378.89797  2974.453443  2849.922557   31.316834       True
45   1619938800000  2910.60  2915.55  2872.52  2892.90   30315.65100  2971.771336  2856.134664   32.153489       True
46   1619942400000  2892.90  2897.68  2852.26  2878.54   34716.38190  2970.983914  2857.798086   33.101097       True
47   1619946000000  2878.56  2901.00  2867.42  2899.42   26002.08856  2969.455241  2862.049759   33.135304       True
48   1619949600000  2899.42  2926.21  2892.72  2925.24   33898.02059  2965.069354  2873.536646   33.160639       True
49   1619953200000  2925.19  2936.74  2904.37  2936.25   21702.71762  2962.075323  2883.518677   33.104165       True
50   1619956800000  2936.03  2940.09  2919.77  2924.94   19901.54770  2961.739243  2886.549757   32.191010       True
51   1619960400000  2924.93  2929.90  2901.78  2914.46   27362.69656  2960.789980  2886.549757   31.900224       True
52   1619964000000  2914.46  2925.94  2910.62  2919.00   14854.29800  2958.964470  2886.549757   30.715922       True
53   1619967600000  2918.99  2937.47  2910.00  2929.15   22380.71849  2959.248190  2886.549757   30.484071       True
54   1619971200000  2929.14  2942.76  2920.00  2923.72   19746.99139  2956.253112  2886.549757   29.932351       True
55   1619974800000  2923.72  2935.09  2920.00  2933.16   12972.73700  2957.184460  2886.549757   28.872183       True
56   1619978400000  2933.17  2969.00  2930.06  2966.55   29148.50833  2963.060288  2883.141712   29.591313       True
57   1619982000000  2966.54  2976.87  2958.29  2963.56   23697.78978  2966.780307  2881.300693   28.804791       True
58   1619985600000  2963.57  2971.85  2953.29  2969.18   16324.68061  2972.884273  2878.912727   28.073020       True
59   1619989200000  2969.19  2985.00  2964.32  2972.77   20962.73910  2978.484348  2878.912727   27.544947       True
60   1619992800000  2972.77  2981.68  2928.34  2946.57   28036.77907  2978.110247  2878.912727   29.387451       True
61   1619996400000  2946.53  2954.26  2935.26  2949.56   14614.28852  2979.930435  2879.653565   28.645490       True
62   1620000000000  2949.33  2994.46  2949.32  2994.06   37407.47784  2990.573808  2875.874192   29.823669       True
63   1620003600000  2994.06  3028.50  2988.00  3020.64   57729.16373  3006.615452  2870.411548   30.586264       True
64   1620007200000  3020.64  3036.00  3008.52  3030.73   33955.62831  3022.227835  2866.812165   30.364388       True
65   1620010800000  3030.75  3059.40  3020.46  3054.33   45941.13852  3040.093691  2865.089309   30.976932       True
66   1620014400000  3054.34  3060.00  3036.53  3052.00   29021.14864  3052.013796  2870.515204   30.440723       True
67   1620018000000  3051.99  3109.87  3049.32  3102.29   45867.32802  3076.463044  2866.352956   32.591385       True
68   1620021600000  3102.29  3104.99  3080.81  3088.70   32939.85657  3094.012448  2865.149552   31.990572       True
69   1620025200000  3088.71  3147.00  3081.50  3146.95   61149.45074  3123.823041  2856.408959   34.384103       True
70   1620028800000  3146.95  3204.04  3132.11  3184.07   81518.47577  3157.604496  2848.540504   37.065952       True
71   1620032400000  3184.06  3190.00  3141.12  3165.73   62164.19430  3179.860935  2851.411065   37.909813       True
72   1620036000000  3165.73  3168.55  3125.39  3148.81   47584.18334  3194.819858  2859.433142   38.284826       True
73   1620039600000  3148.74  3178.86  3148.58  3151.95   39024.48467  3208.033889  2868.499111   37.713053       True
74   1620043200000  3151.95  3162.82  3111.89  3144.59   34924.03778  3216.552004  2882.067996   38.657121       True
75   1620046800000  3144.58  3150.00  3085.06  3107.02   63312.72355  3218.114022  2897.891978   40.534469       True
76   1620050400000  3107.01  3178.93  3104.00  3161.56   49380.98315  3228.150914  2907.356086   42.991293       True
77   1620054000000  3161.56  3194.15  3147.49  3163.66   55175.17334  3235.857471  2919.659529   43.253343       True
78   1620057600000  3163.65  3269.00  3150.89  3254.83   88039.20055  3259.648668  2924.433332   48.600247       True
79   1620061200000  3254.82  3300.00  3246.58  3284.33   73696.95638  3285.583973  2929.654027   48.944515       True
80   1620064800000  3284.33  3338.00  3273.33  3331.08   75261.65603  3313.907751  2939.781249   50.067764       True
81   1620068400000  3331.07  3331.07  3256.87  3301.27   66935.15702  3327.609019  2961.250981   51.792210       True
82   1620072000000  3301.64  3305.73  3245.56  3284.26   50317.79767  3338.106545  2979.773455   52.390623       True
83   1620075600000  3283.65  3333.00  3268.18  3331.01   37998.52854  3356.759335  2992.157665   53.278436       True
84   1620079200000  3331.01  3399.00  3331.01  3383.06   74196.56778  3383.291033  3000.858967   54.329262       True
85   1620082800000  3383.06  3454.00  3366.56  3431.04   85546.75056  3417.721003  3004.099997   56.694315       True
86   1620086400000  3431.04  3450.00  3210.00  3260.06  179582.21469  3415.659377  3026.967623   69.787578       True
87   1620090000000  3260.74  3329.97  3249.51  3282.13   74369.05572  3418.330249  3042.280751   70.549894       True
88   1620093600000  3282.13  3304.48  3216.81  3225.57   60811.27277  3413.671048  3060.626952   71.772759       True
89   1620097200000  3225.57  3267.03  3180.61  3232.25   54453.83731  3413.067432  3069.760568   72.818990       True
90   1620100800000  3232.40  3353.61  3219.10  3348.26   54530.52757  3425.182219  3074.064781   77.225491       True
91   1620104400000  3348.26  3400.00  3334.46  3379.37   45621.23811  3440.093293  3080.517707   76.390813       True
92   1620108000000  3379.02  3403.99  3339.15  3352.45   41586.71123  3446.898470  3094.076530   75.565755       True
93   1620111600000  3352.45  3381.34  3310.06  3313.63   41232.46989  3447.158135  3109.984865   75.259629       True
94   1620115200000  3314.00  3343.30  3276.70  3304.07   56987.43970  3443.729917  3129.361083   74.641084       True
95   1620118800000  3304.07  3373.92  3303.92  3336.85   47158.25284  3433.088658  3162.985342   74.309578       True
96   1620122400000  3336.99  3438.00  3335.87  3435.88   69784.88367  3444.272356  3179.233644   76.296751       True
97   1620126000000  3435.70  3487.00  3382.29  3480.01   73167.35975  3461.123422  3194.017578   78.326269       True
98   1620129600000  3480.01  3492.77  3413.00  3484.36   83275.47101  3484.538911  3193.555089   78.429393       True
99   1620133200000  3484.27  3527.00  3450.00  3479.83   91370.59807  3504.227515  3193.555089   78.327293       True
100  1620136800000  3479.98  3492.00  3339.60  3370.61  132363.77641  3506.256647  3195.340353   83.618201       True
101  1620140400000  3370.61  3394.94  3213.35  3228.49  196030.28935  3510.302154  3195.340353   90.616187       True
102  1620144000000  3228.36  3293.15  3160.00  3267.18  154493.60583  3510.928351  3195.340353   93.654316       True
103  1620147600000  3266.60  3336.46  3257.73  3335.22   84003.14641  3511.070833  3195.340353   92.588294       True
104  1620151200000  3335.22  3398.12  3310.05  3381.45   62855.35269  3510.920305  3195.340353   92.265558       True
105  1620154800000  3381.23  3412.91  3351.81  3412.90   39735.98651  3508.328630  3195.340353   90.039447       True
106  1620158400000  3412.91  3429.31  3339.98  3403.00   55891.67776  3512.360144  3195.340353   89.988772       True
107  1620162000000  3402.89  3410.93  3323.20  3332.82   38581.45732  3511.916750  3198.503250   89.827431       True
108  1620165600000  3332.80  3350.00  3250.28  3311.84   49676.28206  3506.143641  3212.903359   90.534043       True
109  1620169200000  3311.82  3323.35  3216.47  3239.01   38476.47891  3505.333150  3214.389850   91.701612       True
110  1620172800000  3239.01  3336.64  3200.23  3310.46   77920.07980  3504.971143  3214.389850   94.895068       True
111  1620176400000  3310.46  3385.00  3309.78  3369.50   51419.84131  3504.253076  3214.389850   93.489706       True
112  1620180000000  3369.51  3371.77  3305.00  3317.00   32316.75933  3503.533081  3214.389850   91.581156       True
113  1620183600000  3316.95  3326.98  3265.00  3296.34   41076.35606  3503.840286  3214.389850   89.466787       True
114  1620187200000  3296.78  3323.76  3251.06  3262.35   41170.02297  3505.656143  3214.389850   88.269160       True
115  1620190800000  3262.35  3297.00  3241.50  3281.64   37513.31115  3505.908428  3214.389850   85.928505       True
116  1620194400000  3281.70  3283.07  3223.00  3264.40   36326.60157  3496.356355  3214.389850   84.081469       True
117  1620198000000  3264.03  3357.53  3247.33  3339.51   49699.55098  3475.700265  3214.389850   85.947079       True
118  1620201600000  3339.51  3379.51  3316.56  3352.27   48390.64924  3451.720771  3214.389850   84.304430       True
119  1620205200000  3352.29  3385.82  3322.74  3377.59   41116.99094  3428.163002  3217.194998   82.788399       True
120  1620208800000  3377.59  3407.63  3351.64  3381.52   61850.43675  3429.801518  3217.194998   80.874228       True
121  1620212400000  3381.53  3385.73  3339.31  3352.65   39624.37273  3427.324025  3231.540975   78.413212       True
122  1620216000000  3352.64  3388.58  3350.78  3369.98   40756.18157  3429.603114  3239.541886   75.512268       True
123  1620219600000  3369.99  3385.22  3356.59  3374.27   39416.43912  3433.120357  3239.929643   72.163535       True
124  1620223200000  3374.27  3385.03  3281.63  3341.08   77571.53060  3428.925058  3240.087942   74.394711       True
125  1620226800000  3341.13  3353.40  3296.27  3305.90   52384.89761  3417.104964  3241.208036   73.161517       True
126  1620230400000  3305.79  3456.30  3280.62  3451.87   97932.82622  3429.743760  3233.456240   80.484266       True
127  1620234000000  3451.88  3452.00  3395.06  3398.69   41738.91219  3437.307976  3233.456240   78.802533       True
128  1620237600000  3399.01  3420.00  3396.44  3416.62   27701.53462  3447.875193  3233.456240   74.856637       True
129  1620241200000  3416.62  3483.00  3415.63  3480.84   44763.03026  3465.970378  3238.477622   74.321878       True
130  1620244800000  3480.50  3484.88  3412.25  3459.32   40932.49635  3480.752547  3238.581453   74.201029       True
131  1620248400000  3459.06  3466.32  3420.00  3426.36   20072.44619  3487.007522  3238.581453   72.209527       True
132  1620252000000  3426.36  3537.13  3426.02  3521.40   88128.81398  3513.146572  3232.313428   74.988132       True
133  1620255600000  3521.03  3549.34  3494.09  3524.26   44992.65434  3534.533846  3233.718154   73.578266       True
134  1620259200000  3524.33  3539.20  3449.22  3475.65   47833.50783  3539.279757  3250.302243   74.749818       True
135  1620262800000  3475.64  3495.62  3440.17  3475.07   32087.17081  3543.138969  3265.786031   73.371260       True
136  1620266400000  3474.98  3505.01  3460.55  3484.63   26698.86725  3542.391357  3288.556643   71.306170       True
137  1620270000000  3484.62  3484.63  3448.12  3469.18   22544.12146  3545.903591  3298.011409   68.820729       True
138  1620273600000  3469.17  3502.00  3431.70  3440.35   37826.63759  3546.284141  3306.438859   68.926391       True
139  1620277200000  3440.36  3464.33  3424.86  3451.19   24367.47012  3548.256682  3311.826318   66.822363       True
140  1620280800000  3451.18  3451.18  3382.00  3392.99   40222.89549  3547.991357  3313.238643   66.991480       True
141  1620284400000  3393.00  3445.71  3376.47  3439.20   26082.40267  3546.751857  3323.133143   67.152089       True
142  1620288000000  3439.14  3456.89  3422.64  3433.46   24234.18156  3545.900773  3330.332227   64.801940       True
143  1620291600000  3433.45  3469.07  3419.21  3459.31   20948.28052  3546.386235  3338.350765   63.734658       True
144  1620295200000  3459.31  3501.00  3440.13  3483.94   40364.16033  3543.900934  3355.122066   63.530040       True
145  1620298800000  3483.93  3525.21  3468.07  3523.15   29952.73730  3533.838705  3386.909295   63.073608       True
146  1620302400000  3523.28  3528.00  3476.49  3492.12   35472.85174  3537.005267  3387.767733   62.247636       True
147  1620306000000  3492.12  3494.10  3461.20  3481.47   33340.99501  3535.524212  3397.526788   60.151377       True
148  1620309600000  3481.48  3516.53  3460.00  3507.90   29288.29950  3538.333532  3403.845468   59.892707       True
149  1620313200000  3507.80  3577.76  3507.70  3551.25   75765.67253  3550.361640  3398.858360   60.618942       True
150  1620316800000  3551.26  3605.40  3527.97  3538.71   74428.71728  3558.893187  3398.858360   61.819732       True
151  1620320400000  3538.72  3593.24  3538.00  3543.44   34590.57352  3565.730565  3403.136435   61.349751       True
152  1620324000000  3543.44  3553.54  3400.20  3457.20   86073.77905  3561.491954  3403.136435   67.920483       True
153  1620327600000  3457.15  3500.10  3407.58  3482.07   60915.83028  3556.927495  3403.136435   69.677591       True
154  1620331200000  3482.06  3490.44  3434.55  3464.71   31273.02950  3556.623635  3403.136435   68.692764       True
155  1620334800000  3464.70  3520.11  3458.00  3516.43   25509.82955  3560.384654  3403.136435   68.222566       True
156  1620338400000  3516.99  3541.15  3502.55  3530.18   31514.31374  3565.538215  3403.136435   66.106669       True
157  1620342000000  3530.18  3531.83  3480.22  3489.73   29256.25243  3566.367938  3403.136435   65.071192       True
158  1620345600000  3489.74  3536.18  3458.00  3493.86   43643.57174  3566.649215  3406.581785   66.007536       True
159  1620349200000  3493.79  3505.55  3450.00  3460.32   38386.40456  3566.393242  3407.750758   65.260569       True
160  1620352800000  3460.31  3473.72  3401.06  3432.27   45649.57802  3560.497860  3417.574140   65.789100       True
161  1620356400000  3432.27  3448.03  3398.29  3424.01   39880.69356  3562.123916  3417.574140   64.642735       True
162  1620360000000  3424.00  3425.00  3353.23  3420.93   50726.60739  3563.531561  3417.574140   65.151826       True
163  1620363600000  3420.93  3425.92  3397.96  3413.24   21069.99184  3567.099331  3403.593669   62.495267      False
164  1620367200000  3413.39  3448.00  3398.00  3439.72   29291.19053  3567.277827  3403.593669   61.602748      False
165  1620370800000  3439.73  3480.00  3422.56  3434.17   32519.96382  3563.303571  3394.069429   61.305409      False
166  1620374400000  3434.09  3443.32  3408.04  3434.88   22535.80476  3562.282552  3389.366448   59.446451      False
167  1620378000000  3434.59  3471.15  3431.23  3462.98   24086.68711  3561.492135  3388.307865   58.051704      False
168  1620381600000  3462.98  3475.90  3446.85  3447.89   20650.76849  3557.866318  3385.932682   55.980154      False
169  1620385200000  3448.00  3468.88  3425.13  3443.48   19765.48038  3545.100970  3387.921030   55.106572      False
170  1620388800000  3442.93  3498.70  3423.00  3493.46   38576.52852  3536.764831  3391.732169   56.577531      False
171  1620392400000  3493.47  3515.00  3477.81  3494.99   32538.11928  3526.400713  3397.251287   55.192707      False
172  1620396000000  3494.99  3506.00  3472.00  3503.21   30274.21500  3531.111360  3397.251287   53.678942      False
173  1620399600000  3503.21  3570.00  3495.46  3560.93   46556.39461  3547.028807  3389.110193   55.169018       True
174  1620403200000  3560.93  3587.00  3532.03  3546.44   54145.52230  3558.143813  3389.110193   55.154802       True
175  1620406800000  3546.62  3570.00  3522.00  3534.76   27228.96488  3561.290179  3389.110193   54.643745       True
176  1620410400000  3534.77  3538.14  3512.62  3526.06   21372.58039  3560.567531  3389.110193   52.563477       True
177  1620414000000  3525.90  3533.76  3498.28  3512.59   22844.22755  3563.144009  3389.110193   51.343229       True
178  1620417600000  3512.59  3525.62  3476.04  3497.20   18632.39404  3563.471520  3389.110193   51.217284       True
179  1620421200000  3497.17  3497.80  3455.70  3475.89   21439.49414  3564.024428  3389.110193   50.566050       True
180  1620424800000  3475.83  3499.00  3421.11  3443.00   38829.22486  3563.650642  3389.110193   52.517760       True
181  1620428400000  3442.19  3489.00  3438.59  3479.53   19900.24004  3563.205139  3393.329861   52.367206       True
182  1620432000000  3479.79  3524.00  3449.27  3523.02   29045.34459  3566.156167  3400.587833   53.964548       True
183  1620435600000  3523.02  3556.77  3516.43  3528.17   21869.94819  3567.469007  3410.767993   52.991366       True
184  1620439200000  3528.25  3548.17  3509.86  3531.41   18587.65296  3570.673145  3416.732855   51.942697       True
185  1620442800000  3531.40  3542.85  3522.04  3532.10   13872.96205  3572.182994  3425.016006   49.718933       True
186  1620446400000  3531.64  3580.00  3524.00  3562.84   32273.59189  3577.551800  3432.443200   50.167581       True
187  1620450000000  3562.84  3564.45  3527.08  3535.39   29096.58138  3579.634485  3437.601515   49.253468       True
188  1620453600000  3535.40  3541.32  3507.90  3522.14   28976.64215  3577.807224  3446.853776   48.122506       True
189  1620457200000  3522.14  3546.89  3506.22  3527.87   34806.71962  3574.136471  3458.963529   47.590184       True
190  1620460800000  3527.87  3584.00  3525.21  3556.13   53602.06582  3578.705632  3460.661368   48.390171       True
191  1620464400000  3556.13  3573.93  3536.84  3562.54   35957.33563  3583.751725  3462.370275   47.583016       True
192  1620468000000  3562.54  3567.57  3525.00  3535.53   27332.18093  3584.886642  3464.467358   47.224943       True
193  1620471600000  3535.52  3550.00  3523.03  3540.24   23644.97329  3582.007778  3465.277222   45.778162       True
194  1620475200000  3540.54  3572.41  3526.38  3562.97   33648.95827  3584.545272  3465.277222   45.796150       True
195  1620478800000  3562.98  3651.80  3555.17  3644.12   84398.83828  3609.508690  3450.365310   49.427139       True
196  1620482400000  3644.12  3676.29  3640.82  3669.12   63028.20387  3637.081837  3437.098163   48.430201       True
197  1620486000000  3669.47  3680.12  3605.18  3631.16   78462.39920  3650.291805  3437.098163   50.323758       True
198  1620489600000  3632.01  3830.00  3631.75  3780.80  145589.36493  3704.138671  3410.258329   60.932061       True
199  1620493200000  3780.80  3838.36  3760.55  3833.52   84125.21002  3760.177060  3389.982940   62.137628       True
200  1620496800000  3833.74  3847.00  3800.68  3815.15   48108.72295  3795.958756  3391.416244   61.007797       True
201  1620500400000  3815.16  3831.00  3774.44  3811.84   36251.34861  3826.453589  3394.152411   60.690098       True
202  1620504000000  3811.84  3864.31  3801.19  3845.28   40284.45920  3861.366497  3391.465503   60.863662       True
203  1620507600000  3845.28  3900.00  3837.77  3899.68   38457.98512  3903.498224  3386.484776   60.961258       True
204  1620511200000  3899.99  3958.33  3837.37  3875.79   93463.36344  3933.712229  3390.708771   65.246882       True
205  1620514800000  3875.79  3911.52  3841.18  3910.26   35582.69613  3966.080079  3396.156921   65.610676       True
206  1620518400000  3910.26  3912.45  3827.00  3835.21   46359.68940  3981.812120  3407.661880   67.027771       True
207  1620522000000  3835.21  3893.54  3815.02  3883.55   33231.10213  4000.678789  3423.611211   67.848644       True
208  1620525600000  3883.56  3883.85  3853.72  3876.94   21957.06595  4013.088134  3446.681866   65.154455       True
209  1620529200000  3876.94  3958.00  3870.00  3870.09   55360.56714  4020.496176  3473.495824   66.786280       True
210  1620532800000  3870.09  3913.69  3819.99  3896.88   72557.33023  4030.206972  3497.860028   68.708689       True
211  1620536400000  3897.23  3938.32  3877.06  3918.38   39967.52541  4039.171063  3524.479937   68.176639       True
212  1620540000000  3918.38  3982.26  3902.50  3961.57   48303.80206  4045.492844  3560.762156   69.004022       True
213  1620543600000  3962.01  3983.65  3928.64  3937.76   37348.36907  4039.715182  3606.291818   68.004449       True
214  1620547200000  3937.62  3966.57  3907.07  3921.49   46316.62650  4025.577872  3656.281128   67.396989       True
215  1620550800000  3921.48  3937.54  3874.08  3908.64   51970.43286  4017.144639  3691.166361   67.115775       True
216  1620554400000  3908.65  3923.36  3855.00  3915.70   44920.75806  4007.436124  3725.532876   67.204648       True
217  1620558000000  3915.70  3928.41  3851.40  3851.98   33045.97247  3968.883573  3786.167427   67.905031       True
218  1620561600000  3851.98  3859.69  3726.08  3747.96  101174.70962  3974.988455  3776.778545   72.598243      False
219  1620565200000  3747.96  3839.43  3744.43  3833.63   53444.94956  3974.984562  3776.793438   74.198368      False
220  1620568800000  3833.40  3855.28  3788.28  3836.64   38818.10160  3973.842620  3780.084380   73.684199      False
221  1620572400000  3836.63  3880.94  3813.82  3878.46   34803.34996  3972.454228  3788.134772   73.215328      False
222  1620576000000  3878.76  3970.00  3878.21  3925.56   69237.71064  3977.009939  3788.134772   74.542090      False
223  1620579600000  3925.56  3938.23  3883.00  3911.79   28604.59906  3978.165703  3788.134772   73.162655      False
224  1620583200000  3911.93  3928.74  3880.32  3899.32   24159.78852  3979.445739  3788.134772   71.395323      False
225  1620586800000  3899.33  3906.79  3841.19  3862.96   29852.88116  3976.908110  3790.542890   70.981371      False
226  1620590400000  3862.94  3915.00  3853.74  3904.99   25287.04547  3978.065980  3790.542890   70.286987      False
227  1620594000000  3904.41  3941.73  3896.22  3904.87   19743.25480  3979.434784  3790.542890   68.517202      False
228  1620597600000  3905.00  3911.74  3867.32  3885.55   23083.30943  3979.728207  3790.542890   66.795974      False
229  1620601200000  3885.63  3932.79  3880.90  3923.95   20852.06710  3983.241531  3790.542890   65.731261      False
230  1620604800000  3923.95  3932.64  3891.85  3909.44   24340.38125  3984.181969  3790.542890   63.949743      False
231  1620608400000  3909.44  3949.52  3885.91  3928.23   25387.80134  3985.335394  3790.542890   63.925475      False
232  1620612000000  3928.23  3979.00  3928.22  3974.73   28600.37208  3988.104694  3790.542890   62.986513      False
233  1620615600000  3974.53  4073.34  3973.92  4054.58   79930.06192  4016.011335  3782.035665   65.588905       True
234  1620619200000  4054.57  4095.74  4029.12  4094.29   46931.95900  4052.274730  3763.052270   65.662554       True
235  1620622800000  4094.28  4142.85  4070.42  4127.82   64863.71841  4092.189764  3745.055236   66.145943       True
236  1620626400000  4127.83  4138.06  4092.35  4113.02   34896.02192  4121.601453  3735.375547   64.686233       True
237  1620630000000  4113.08  4141.00  4092.46  4105.85   41441.45519  4145.556223  3736.807777   63.532931       True
238  1620633600000  4105.90  4165.99  4053.15  4164.83   52649.43484  4168.345045  3755.705955   67.054864       True
239  1620637200000  4164.63  4168.71  4089.00  4104.80   55291.07044  4182.011357  3769.156643   67.958803       True
240  1620640800000  4104.80  4117.30  4017.65  4035.88   50471.10818  4183.235965  3787.856035   70.222460       True
241  1620644400000  4035.88  4088.43  3979.00  4066.18   71663.82048  4189.189099  3800.674901   73.022998       True
242  1620648000000  4066.18  4141.00  4045.47  4125.70   57520.72371  4204.420376  3805.457624   74.630641       True
243  1620651600000  4125.48  4160.00  4103.00  4123.04   60687.37725  4216.500942  3814.502058   73.371310       True
244  1620655200000  4122.80  4136.39  4037.50  4038.18   71058.45334  4216.380545  3828.508455   75.194073       True
245  1620658800000  4038.18  4169.53  4025.94  4156.37   72073.21792  4224.866010  3849.363990   80.079497       True
246  1620662400000  4155.88  4208.00  4132.01  4133.46   73406.44079  4230.454759  3866.622241   79.787390       True
247  1620666000000  4133.47  4193.00  4120.00  4140.44   48421.04916  4233.809485  3886.824515   79.302576       True
248  1620669600000  4140.41  4167.69  4108.54  4131.49   43010.37212  4228.816420  3916.411580   77.863106       True
249  1620673200000  4130.98  4155.00  3968.60  3991.12   79029.94878  4221.787915  3930.157085   85.615742       True
250  1620676800000  3990.18  3991.28  3650.00  3903.38  239630.39864  4222.886305  3928.452695  103.877474      False
251  1620680400000  3903.38  4030.00  3865.64  4013.66   64837.77492  4214.183911  3945.698089  108.197655      False
252  1620684000000  4013.67  4059.67  3974.45  4030.81   59764.62944  4210.254253  3955.235747  106.556394      False
253  1620687600000  4030.81  4030.81  3883.99  3945.88   59990.33500  4217.767128  3936.852872  109.432366      False
254  1620691200000  3946.63  4030.49  3850.00  3856.43   97776.84232  4235.306263  3895.527737  114.507911      False
255  1620694800000  3856.28  3926.93  3805.00  3901.50   70009.33601  4235.608807  3895.527737  115.038060      False
256  1620698400000  3901.50  3920.27  3810.00  3819.13   55692.22195  4245.390371  3833.422629  114.697484      False
257  1620702000000  3819.60  3868.00  3771.64  3855.52   62335.15580  4245.253471  3808.526529  113.387664      False
258  1620705600000  3855.53  3919.00  3832.35  3907.36   42546.37789  4228.659676  3799.373324  111.477831      False
259  1620709200000  3907.36  3939.75  3842.22  3877.47   40074.74115  4220.905731  3784.394269  110.481557      False
260  1620712800000  3876.91  3962.20  3871.00  3943.29   36788.68584  4217.186443  3778.854557  109.104303      False
261  1620716400000  3943.26  3967.00  3918.00  3961.68   32839.17727  4210.187981  3775.403019  104.811139      False
262  1620720000000  3961.68  3972.00  3901.59  3920.57   38729.43293  4193.131713  3771.946287  102.353915      False
263  1620723600000  3920.32  4023.35  3918.00  4013.01   53653.38431  4178.198667  3775.876333  102.567921      False
264  1620727200000  4013.69  4084.13  4003.00  4039.40   50297.81696  4178.334519  3775.876333  101.036641      False
265  1620730800000  4039.40  4069.55  3961.42  3971.98   38949.46880  4151.545884  3784.212116  101.543309      False
266  1620734400000  3972.16  3980.00  3905.08  3968.27   58002.34439  4126.883555  3792.355445   99.641644      False
267  1620738000000  3968.27  3991.57  3893.77  3975.97   56966.03459  4097.070354  3805.721646   99.510098      False
268  1620741600000  3975.96  4015.00  3943.69  3978.85   37824.78262  4064.809456  3822.718544   97.495805      False
269  1620745200000  3978.86  4035.00  3962.47  4020.99   42237.29506  4069.303189  3822.718544   95.712534      False
270  1620748800000  4021.00  4079.00  3990.00  4012.56   58523.96869  4076.507242  3822.718544   95.233067      False
271  1620752400000  4012.35  4053.54  4005.16  4034.59   31584.61139  4079.956237  3822.718544   91.886419      False
272  1620756000000  4034.59  4097.00  4028.52  4055.98   39550.04950  4084.739842  3822.718544   90.214532      False
273  1620759600000  4055.99  4075.40  4032.45  4067.06   20247.48966  4099.770341  3822.718544   86.838494      False
274  1620763200000  4067.00  4135.84  4041.43  4134.79   33704.06505  4124.939703  3821.057297   87.379316       True
275  1620766800000  4134.79  4151.88  4080.00  4120.70   34137.78389  4145.037308  3822.879692   86.272222       True
276  1620770400000  4120.69  4138.94  4092.59  4127.03   27853.68121  4153.166900  3845.540100   83.420635       True
277  1620774000000  4127.02  4180.22  4121.46  4173.45   35602.35675  4172.004810  3858.495190   81.659161       True
278  1620777600000  4173.46  4198.00  4149.05  4195.32   38277.99298  4196.680486  3862.615514   79.322792       True
279  1620781200000  4195.32  4195.60  4146.62  4176.00   28653.02915  4207.855860  3881.293140   77.155450       True
280  1620784800000  4176.00  4268.52  4165.11  4268.52   57847.54735  4244.089007  3877.582993   79.030775       True
281  1620788400000  4268.51  4351.85  4246.16  4332.81   62295.95735  4291.599660  3867.185340   80.935005       True
282  1620792000000  4332.12  4348.00  4273.35  4300.80   49459.61478  4318.280031  3878.527969   80.486076       True
283  1620795600000  4300.80  4340.00  4297.42  4327.30   45612.27896  4351.558883  3876.678117   77.778499       True
284  1620799200000  4327.31  4370.00  4281.94  4293.84   56258.21238  4373.971905  3879.709095   78.512892       True
285  1620802800000  4294.47  4332.82  4285.08  4306.42   26931.98446  4391.773770  3895.351230   76.314829       True
286  1620806400000  4306.42  4318.66  4180.00  4308.56   53504.18639  4405.015550  3916.138450   80.768055       True
287  1620810000000  4308.55  4319.28  4282.58  4284.12   30897.48433  4410.584726  3941.384274   77.620337       True
288  1620813600000  4284.12  4294.75  4220.00  4234.89   49948.05422  4406.279651  3971.293349   77.415313       True
289  1620817200000  4234.89  4282.94  4228.48  4273.91   29742.10534  4407.543281  3995.321719   75.775648       True
290  1620820800000  4273.91  4314.00  4255.01  4290.89   38769.27487  4405.540858  4025.157142   74.576673       True
291  1620824400000  4291.01  4308.98  4229.41  4308.98   48349.89567  4404.107450  4054.029550   74.933339       True
292  1620828000000  4308.98  4372.72  4285.54  4316.95   64865.40649  4401.836399  4082.397601   75.808101       True
293  1620831600000  4317.14  4317.15  4126.10  4189.07  103565.69035  4388.913015  4107.521985   84.039665       True
294  1620835200000  4188.94  4215.00  4065.69  4145.66  128657.41271  4387.773572  4109.748428   88.701832       True
295  1620838800000  4145.66  4191.99  4107.44  4144.10   65260.42958  4384.949075  4114.912925   88.405272       True
296  1620842400000  4144.11  4169.00  3960.69  4012.00  113419.83355  4406.656768  4081.702232   96.969896      False
297  1620846000000  4012.14  4089.80  3933.20  4083.92   95991.88031  4414.216023  4081.702232  101.229189      False
298  1620849600000  4084.45  4110.00  4033.19  4098.96   55649.65342  4419.085139  4081.702232   99.484961      False
299  1620853200000  4098.96  4139.96  4076.31  4124.61   27901.16653  4421.106147  4081.702232   96.925321      False
300  1620856800000  4124.67  4245.00  3950.00  4233.47  149669.49046  4418.626119  4042.499881  111.073512      False
301  1620860400000  4233.85  4236.92  3701.58  3823.21  180314.15854  4457.802644  3952.363356  141.378261      False
302  1620864000000  3810.15  3972.64  3500.00  3896.36  277215.21083  4466.749508  3902.972492  165.039814      False
303  1620867600000  3896.36  4000.00  3887.53  3999.14   81399.44728  4453.452869  3883.453131  161.284827      False
304  1620871200000  3999.03  4034.77  3960.03  3983.07   71251.38483  4442.721568  3863.107432  155.103054      False
305  1620874800000  3983.36  3983.36  3859.90  3941.08   76985.40981  4429.461656  3839.833344  152.842836      False
306  1620878400000  3940.82  3980.26  3885.59  3901.94   52927.16910  4414.388880  3814.244120  148.687633      False
307  1620882000000  3902.11  4014.82  3901.00  3987.98   53960.56544  4393.774654  3805.244346  146.197088      False
308  1620885600000  3987.99  4025.69  3968.13  4016.50   37651.65418  4378.119926  3799.060074  139.865868      False
309  1620889200000  4016.50  4025.29  3944.00  3968.00   32951.95099  4354.241929  3792.347071  135.681877      False
310  1620892800000  3968.00  3986.85  3810.00  3829.14   91365.12192  4331.724408  3768.689592  138.622457      False
311  1620896400000  3829.06  3868.98  3646.30  3725.63  177559.13286  4310.048897  3732.030103  144.626567      False
312  1620900000000  3725.28  3824.13  3600.00  3636.38  139765.86490  4288.631055  3685.390945  150.305384      False
313  1620903600000  3637.12  3765.75  3596.02  3744.47  118368.96317  4269.079580  3660.482420  151.692857      False
314  1620907200000  3744.46  3830.55  3700.00  3807.51   84147.44952  4247.636010  3648.110990  150.182653      False
315  1620910800000  3807.84  3867.03  3750.07  3857.52   67350.62607  4221.586276  3645.502724  147.809606      False
316  1620914400000  3856.89  3900.00  3838.15  3847.38   68572.49837  4213.325441  3637.301559  141.669634      False
317  1620918000000  3847.75  3857.26  3725.00  3747.02   69593.01082  4196.812690  3620.124310  140.997517      False
318  1620921600000  3747.01  3874.12  3672.45  3693.40   90037.86080  4177.138718  3599.242282  145.331266      False
319  1620925200000  3693.39  3720.00  3541.51  3699.40  164651.24537  4145.556222  3588.303778  147.699747      False
320  1620928800000  3699.40  3733.98  3570.03  3585.69   84923.00552  4084.311406  3584.770594  148.860479      False
321  1620932400000  3585.69  3713.13  3583.61  3651.75   55344.25901  4088.166593  3584.770594  147.479017      False
322  1620936000000  3650.30  3737.50  3610.05  3715.81   44819.86456  4081.247271  3552.633729  146.048373      False
323  1620939600000  3715.26  3783.34  3688.31  3753.39   31569.63077  4056.491322  3552.814678  142.404203      False
324  1620943200000  3753.39  3776.84  3661.34  3661.34   42964.23207  4033.777911  3543.355089  140.482474      False
325  1620946800000  3663.51  3738.05  3609.00  3717.91   53332.61608  4014.002553  3540.813447  139.665869      False
326  1620950400000  3717.92  3842.27  3691.35  3822.53   62291.71339  4004.130972  3542.744028  140.469736      False
327  1620954000000  3822.54  3903.52  3802.92  3867.97   71775.39401  3981.112071  3553.761929  137.621897      False
328  1620957600000  3867.96  3877.25  3777.00  3789.97   55863.17165  3937.325701  3574.895299  134.952476      False
329  1620961200000  3789.97  3835.00  3770.15  3790.81   38942.95669  3901.479289  3593.022711  129.945156      False
330  1620964800000  3790.80  3819.64  3753.12  3797.58   34777.20721  3897.138656  3594.207344  125.414788      False
331  1620968400000  3797.57  3857.00  3776.08  3846.67   31013.94813  3909.062448  3594.207344  122.236589      False
332  1620972000000  3846.52  3861.13  3782.55  3809.08   35330.53895  3910.206071  3594.207344  119.118261      False
333  1620975600000  3809.08  3900.13  3809.04  3881.66   52449.28035  3925.831838  3594.207344  117.116242      False
334  1620979200000  3882.09  3934.93  3856.18  3934.92   66904.19452  3947.646219  3599.533781  114.375797       True
335  1620982800000  3934.92  3981.98  3911.44  3946.77   56222.39687  3964.614353  3599.533781  111.244668       True
336  1620986400000  3946.77  3990.00  3935.07  3990.00   38289.14493  3991.641749  3578.725251  107.222192       True
337  1620990000000  3989.99  4030.00  3971.45  3999.82   56818.78312  4023.452410  3572.194590  103.745607       True
338  1620993600000  3999.80  4015.01  3954.55  3999.75   47535.92179  4049.665651  3576.616349  100.653778       True
339  1620997200000  3999.75  4064.64  3950.29  4062.85   59960.27961  4085.294731  3577.332269  101.632079       True
340  1621000800000  4062.85  4093.21  4028.38  4087.27   54320.19012  4107.444697  3605.340303   99.003359       True
341  1621004400000  4087.27  4162.40  4086.50  4131.29   78098.01515  4140.110980  3620.628020   97.353119       True
342  1621008000000  4131.30  4173.28  4067.59  4112.34   60577.71424  4167.103049  3633.288951   97.948611       True
343  1621011600000  4111.95  4150.00  4093.75  4095.86   32018.26547  4188.267826  3646.371174   94.970139       True
344  1621015200000  4095.84  4115.78  4052.77  4093.08   40254.87141  4193.115569  3684.697431   92.687272       True
345  1621018800000  4093.07  4093.57  4037.45  4046.35   40584.49854  4192.150064  3718.506936   90.075324       True
346  1621022400000  4046.41  4074.07  3967.08  3984.62   55059.58908  4192.488084  3734.377916   91.283515       True
347  1621026000000  3983.99  4054.68  3975.58  4054.32   29143.40333  4200.672462  3744.828538   90.413264       True
348  1621029600000  4054.46  4109.21  4026.31  4073.01   33034.03272  4202.485328  3771.319672   89.876602       True
349  1621033200000  4073.01  4110.12  4061.67  4075.01   22124.91503  4199.935013  3802.289987   86.917559       True
350  1621036800000  4075.02  4134.05  4010.00  4032.96   48706.58870  4188.648708  3837.114292   89.569876       True
351  1621040400000  4032.96  4118.94  4024.48  4111.93   32589.41071  4189.323393  3862.965607   89.919171       True
352  1621044000000  4111.92  4112.97  4052.70  4058.62   40654.32032  4168.206149  3909.036851   87.801373       True
353  1621047600000  4059.06  4064.35  4020.00  4025.63   27813.54468  4153.946227  3937.693773   84.697703       True
354  1621051200000  4025.63  4059.99  3995.00  4004.74   30699.33922  4146.882942  3951.739058   83.290010       True
355  1621054800000  4004.75  4043.46  3981.34  4036.44   28636.83594  4139.643658  3967.945342   81.777867       True
356  1621058400000  4036.44  4037.56  3929.00  3961.95   49627.51961  4143.140800  3961.643200   83.690876      False
357  1621062000000  3962.49  3964.72  3886.81  3907.66   58767.88994  4156.352492  3939.215508   83.277957      False
358  1621065600000  3907.66  3934.61  3862.07  3912.30   45800.31580  4165.560475  3921.262525   82.510960      False
359  1621069200000  3912.30  3962.11  3852.07  3894.95   59309.33372  4172.751973  3897.281027   84.477320      False
360  1621072800000  3894.71  3894.72  3778.69  3844.35   77560.98152  4181.318019  3864.422981   86.747511      False
361  1621076400000  3844.35  3912.00  3842.70  3902.03   36242.11432  4169.993573  3852.821427   85.501260      False
362  1621080000000  3902.03  3934.80  3860.22  3916.82   34716.63347  4158.217409  3845.045591   84.721170      False
363  1621083600000  3916.82  3932.00  3869.83  3888.79   34808.79764  4148.952367  3833.603633   83.110372      False